-1 -1 0.99372
-1 -0.9 1.03403
-1 -0.8 1.17694
-1 -0.7 1.39572
-1 -0.6 1.6679
-1 -0.5 2.02182
-1 -0.4 2.31388
-1 -0.3 2.56489
-1 -0.2 2.81409
-1 -0.1 2.9631
-1 0 3.01865
-1 0.1 2.93769
-1 0.2 2.78573
-1 0.3 2.56562
-1 0.4 2.30441
-1 0.5 1.98337
-1 0.6 1.69169
-1 0.7 1.40742
-1 0.8 1.18464
-1 0.9 1.07136
-0.9 -1 0.322869
-0.9 -0.9 0.358391
-0.9 -0.8 0.521266
-0.9 -0.7 0.711846
-0.9 -0.6 0.999958
-0.9 -0.5 1.28843
-0.9 -0.4 1.62771
-0.9 -0.3 1.9024
-0.9 -0.2 2.13793
-0.9 -0.1 2.26903
-0.9 0 2.33338
-0.9 0.1 2.2526
-0.9 0.2 2.10338
-0.9 0.3 1.89028
-0.9 0.4 1.6385
-0.9 0.5 1.30133
-0.9 0.6 0.97772
-0.9 0.7 0.726569
-0.9 0.8 0.515669
-0.9 0.9 0.358813
-0.8 -1 -0.312308
-0.8 -0.9 -0.234296
-0.8 -0.8 -0.113056
-0.8 -0.7 0.0899473
-0.8 -0.6 0.400798
-0.8 -0.5 0.698435
-0.8 -0.4 0.986538
-0.8 -0.3 1.25959
-0.8 -0.2 1.50818
-0.8 -0.1 1.64318
-0.8 0 1.70833
-0.8 0.1 1.64271
-0.8 0.2 1.51351
-0.8 0.3 1.2567
-0.8 0.4 1.00195
-0.8 0.5 0.674082
-0.8 0.6 0.377882
-0.8 0.7 0.129217
-0.8 0.8 -0.12068
-0.8 0.9 -0.244986
-0.7 -1 -0.834737
-0.7 -0.9 -0.788548
-0.7 -0.8 -0.632859
-0.7 -0.7 -0.394783
-0.7 -0.6 -0.122806
-0.7 -0.5 0.148319
-0.7 -0.4 0.498218
-0.7 -0.3 0.749878
-0.7 -0.2 0.99476
-0.7 -0.1 1.11105
-0.7 0 1.18671
-0.7 0.1 1.09738
-0.7 0.2 0.993636
-0.7 0.3 0.766688
-0.7 0.4 0.482939
-0.7 0.5 0.147434
-0.7 0.6 -0.124946
-0.7 0.7 -0.396531
-0.7 0.8 -0.614726
-0.7 0.9 -0.761337
-0.6 -1 -1.24383
-0.6 -0.9 -1.1751
-0.6 -0.8 -1.05834
-0.6 -0.7 -0.834691
-0.6 -0.6 -0.553435
-0.6 -0.5 -0.233467
-0.6 -0.4 0.0617967
-0.6 -0.3 0.37891
-0.6 -0.2 0.580236
-0.6 -0.1 0.71654
-0.6 0 0.768426
-0.6 0.1 0.709208
-0.6 0.2 0.600852
-0.6 0.3 0.35
-0.6 0.4 0.0682797
-0.6 0.5 -0.224179
-0.6 0.6 -0.51918
-0.6 0.7 -0.836342
-0.6 0.8 -1.05616
-0.6 0.9 -1.16523
-0.5 -1 -1.49758
-0.5 -0.9 -1.44578
-0.5 -0.8 -1.30545
-0.5 -0.7 -1.06636
-0.5 -0.6 -0.821661
-0.5 -0.5 -0.48606
-0.5 -0.4 -0.190715
-0.5 -0.3 0.0694181
-0.5 -0.2 0.292459
-0.5 -0.1 0.471484
-0.5 0 0.524662
-0.5 0.1 0.436215
-0.5 0.2 0.307018
-0.5 0.3 0.0654637
-0.5 0.4 -0.196694
-0.5 0.5 -0.524338
-0.5 0.6 -0.820278
-0.5 0.7 -1.06576
-0.5 0.8 -1.29065
-0.5 0.9 -1.44151
-0.4 -1 -1.64454
-0.4 -0.9 -1.56358
-0.4 -0.8 -1.43351
-0.4 -0.7 -1.22424
-0.4 -0.6 -0.956658
-0.4 -0.5 -0.624689
-0.4 -0.4 -0.328903
-0.4 -0.3 -0.0589632
-0.4 -0.2 0.174812
-0.4 -0.1 0.332078
-0.4 0 0.38532
-0.4 0.1 0.334703
-0.4 0.2 0.185727
-0.4 0.3 -0.0514218
-0.4 0.4 -0.312201
-0.4 0.5 -0.62616
-0.4 0.6 -0.9507
-0.4 0.7 -1.23816
-0.4 0.8 -1.44623
-0.4 0.9 -1.58062
-0.3 -1 -1.61617
-0.3 -0.9 -1.60505
-0.3 -0.8 -1.45961
-0.3 -0.7 -1.19492
-0.3 -0.6 -0.956167
-0.3 -0.5 -0.645237
-0.3 -0.4 -0.31494
-0.3 -0.3 -0.0567615
-0.3 -0.2 0.167645
-0.3 -0.1 0.33244
-0.3 0 0.379975
-0.3 0.1 0.33286
-0.3 0.2 0.196023
-0.3 0.3 -0.0609469
-0.3 0.4 -0.343986
-0.3 0.5 -0.652601
-0.3 0.6 -0.92214
-0.3 0.7 -1.20221
-0.3 0.8 -1.42682
-0.3 0.9 -1.58685
-0.2 -1 -1.4961
-0.2 -0.9 -1.45447
-0.2 -0.8 -1.33919
-0.2 -0.7 -1.09692
-0.2 -0.6 -0.809556
-0.2 -0.5 -0.486968
-0.2 -0.4 -0.214549
-0.2 -0.3 0.0655011
-0.2 -0.2 0.276977
-0.2 -0.1 0.459148
-0.2 0 0.488166
-0.2 0.1 0.438753
-0.2 0.2 0.313742
-0.2 0.3 0.0668579
-0.2 0.4 -0.191889
-0.2 0.5 -0.494995
-0.2 0.6 -0.796957
-0.2 0.7 -1.11251
-0.2 0.8 -1.31768
-0.2 0.9 -1.4768
-0.1 -1 -1.2841
-0.1 -0.9 -1.25199
-0.1 -0.8 -1.12067
-0.1 -0.7 -0.877798
-0.1 -0.6 -0.586715
-0.1 -0.5 -0.310389
-0.1 -0.4 0.0241206
-0.1 -0.3 0.318744
-0.1 -0.2 0.509841
-0.1 -0.1 0.669291
-0.1 0 0.72033
-0.1 0.1 0.644707
-0.1 0.2 0.504672
-0.1 0.3 0.318257
-0.1 0.4 0.00546281
-0.1 0.5 -0.284833
-0.1 0.6 -0.604552
-0.1 0.7 -0.86223
-0.1 0.8 -1.07642
-0.1 0.9 -1.22954
0 -1 -1.02323
0 -0.9 -0.944034
0 -0.8 -0.809225
0 -0.7 -0.565397
0 -0.6 -0.332033
0 -0.5 0.0146709
0 -0.4 0.316161
0 -0.3 0.565251
0 -0.2 0.82649
0 -0.1 0.928417
0 0 0.97949
0 0.1 0.967277
0 0.2 0.785226
0 0.3 0.609769
0 0.4 0.2966
0 0.5 0.0114428
0 0.6 -0.300124
0 0.7 -0.587231
0 0.8 -0.787284
0 0.9 -0.972036
0.1 -1 -0.692001
0.1 -0.9 -0.609584
0.1 -0.8 -0.480857
0.1 -0.7 -0.261372
0.1 -0.6 0.0306279
0.1 -0.5 0.352429
0.1 -0.4 0.656597
0.1 -0.3 0.937603
0.1 -0.2 1.159
0.1 -0.1 1.26742
0.1 0 1.34527
0.1 0.1 1.27199
0.1 0.2 1.15348
0.1 0.3 0.90005
0.1 0.4 0.625817
0.1 0.5 0.344299
0.1 0.6 0.0285722
0.1 0.7 -0.234294
0.1 0.8 -0.479913
0.1 0.9 -0.618272
0.2 -1 -0.332527
0.2 -0.9 -0.304451
0.2 -0.8 -0.11708
0.2 -0.7 0.097416
0.2 -0.6 0.371063
0.2 -0.5 0.651082
0.2 -0.4 0.986978
0.2 -0.3 1.25753
0.2 -0.2 1.49211
0.2 -0.1 1.63918
0.2 0 1.66303
0.2 0.1 1.62114
0.2 0.2 1.49346
0.2 0.3 1.27835
0.2 0.4 0.965213
0.2 0.5 0.68145
0.2 0.6 0.364843
0.2 0.7 0.0726043
0.2 0.8 -0.134608
0.2 0.9 -0.305199
0.3 -1 0.00266737
0.3 -0.9 0.0233178
0.3 -0.8 0.196718
0.3 -0.7 0.390846
0.3 -0.6 0.658499
0.3 -0.5 0.992956
0.3 -0.4 1.30452
0.3 -0.3 1.59279
0.3 -0.2 1.78299
0.3 -0.1 1.93586
0.3 0 2.00042
0.3 0.1 1.93315
0.3 0.2 1.78753
0.3 0.3 1.58591
0.3 0.4 1.28893
0.3 0.5 1.00968
0.3 0.6 0.66449
0.3 0.7 0.42257
0.3 0.8 0.179512
0.3 0.9 0.0498846
0.4 -1 0.247428
0.4 -0.9 0.305942
0.4 -0.8 0.468738
0.4 -0.7 0.665486
0.4 -0.6 0.968921
0.4 -0.5 1.25939
0.4 -0.4 1.55531
0.4 -0.3 1.85904
0.4 -0.2 2.08174
0.4 -0.1 2.23621
0.4 0 2.25216
0.4 0.1 2.23206
0.4 0.2 2.08955
0.4 0.3 1.85947
0.4 0.4 1.58714
0.4 0.5 1.24771
0.4 0.6 0.976931
0.4 0.7 0.682392
0.4 0.8 0.445189
0.4 0.9 0.314152
0.5 -1 0.494981
0.5 -0.9 0.556678
0.5 -0.8 0.700916
0.5 -0.7 0.905445
0.5 -0.6 1.18642
0.5 -0.5 1.50663
0.5 -0.4 1.80402
0.5 -0.3 2.06626
0.5 -0.2 2.31853
0.5 -0.1 2.4746
0.5 0 2.50973
0.5 0.1 2.43637
0.5 0.2 2.2953
0.5 0.3 2.10738
0.5 0.4 1.79699
0.5 0.5 1.50053
0.5 0.6 1.20708
0.5 0.7 0.914337
0.5 0.8 0.702767
0.5 0.9 0.528301
0.6 -1 0.676988
0.6 -0.9 0.726118
0.6 -0.8 0.873235
0.6 -0.7 1.10567
0.6 -0.6 1.37884
0.6 -0.5 1.65446
0.6 -0.4 1.96887
0.6 -0.3 2.26929
0.6 -0.2 2.467
0.6 -0.1 2.60871
0.6 0 2.67985
0.6 0.1 2.59796
0.6 0.2 2.49764
0.6 0.3 2.2389
0.6 0.4 1.95831
0.6 0.5 1.66526
0.6 0.6 1.34486
0.6 0.7 1.10008
0.6 0.8 0.846899
0.6 0.9 0.709499
0.7 -1 0.797736
0.7 -0.9 0.824543
0.7 -0.8 1.00411
0.7 -0.7 1.2039
0.7 -0.6 1.49189
0.7 -0.5 1.79677
0.7 -0.4 2.08215
0.7 -0.3 2.37298
0.7 -0.2 2.61857
0.7 -0.1 2.74301
0.7 0 2.80189
0.7 0.1 2.7536
0.7 0.2 2.6133
0.7 0.3 2.36097
0.7 0.4 2.09825
0.7 0.5 1.77838
0.7 0.6 1.4877
0.7 0.7 1.17943
0.7 0.8 0.968876
0.7 0.9 0.823561
0.8 -1 0.866657
0.8 -0.9 0.907576
0.8 -0.8 1.07174
0.8 -0.7 1.2868
0.8 -0.6 1.57759
0.8 -0.5 1.86177
0.8 -0.4 2.16717
0.8 -0.3 2.46697
0.8 -0.2 2.68057
0.8 -0.1 2.8091
0.8 0 2.85809
0.8 0.1 2.83688
0.8 0.2 2.69362
0.8 0.3 2.47918
0.8 0.4 2.19979
0.8 0.5 1.87678
0.8 0.6 1.56573
0.8 0.7 1.28521
0.8 0.8 1.07945
0.8 0.9 0.896828
0.9 -1 0.913322
0.9 -0.9 0.998443
0.9 -0.8 1.1042
0.9 -0.7 1.33287
0.9 -0.6 1.61528
0.9 -0.5 1.92669
0.9 -0.4 2.25531
0.9 -0.3 2.51887
0.9 -0.2 2.76135
0.9 -0.1 2.88858
0.9 0 2.94774
0.9 0.1 2.8733
0.9 0.2 2.71613
0.9 0.3 2.50549
0.9 0.4 2.24313
0.9 0.5 1.90414
0.9 0.6 1.61233
0.9 0.7 1.3592
0.9 0.8 1.14185
0.9 0.9 0.959681
